00000000000000000000000000000000
00000000000000000000000000006009
00000000000000000000000000000000
00000000000000000000052400000000
00000000000000000000000000000000
000000000000000000000000E1000000
00555555000000000000000000000000
E100000000555555000000470000008E
00000047FF010DAC01FEF13800000013
0000002600000013FF008B4101FF7473
0000045A000008B40000045AFF042795
01FBC704000011430000228600001143
FF083DC301F77D300001072900020E52
00010729FF1F5E1801DC85440003DC9B
0007B9370003DC9BFF3AAA7001B5E322
000001180000022F00000118FF0215FA
01FDE5A8002CA94100595283002CA941
FF9AB5F500B2A505000DB810001B7021
000DB810FF6666660162B95800000047
0000008E00000047FF010DAC01FEF138
000001180000022F00000118FF0215FA
01FDE5A80000045A000008B40000045A
FF04279501FBC7040003DC9B0007B937
0003DC9BFF3AAA7001B5E322000DB810
001B7021000DB810FF6666660162B958
002CA94100595283002CA941FF9AB5F5
00B2A505000000130000002600000013
FF008B4101FF74730000114300002286
00001143FF083DC301F77D3000010729
00020E5200010729FF1F5E1801DC8544
00DECE2DFE4263A700DECE2DFF3AAA70
01B5E3220085FBC4FEF408780085FBC4
FF9AB5F500B2A50500FBCFDBFE086049
00FBCFDBFF083DC301F77D3000BF14BD
FE81D68700BF14BDFF6666660162B958
00FF78E3FE010E3A00FF78E3FF010DAC
01FEF13800FFBA4CFE008B6700FFBA4C
FF008B4101FF747300EF49CBFE216C6A
00EF49CBFF1F5E1801DC854400FEF3EC
FE02182900FEF3ECFF0215FA01FDE5A8
00FDE7DCFE04304800FDE7DCFF042795
01FBC70400FFBA4CFE008B6700FFBA4C
FF008B4101FF747300FF78E3FE010E3A
00FF78E3FF010DAC01FEF13800FEF3EC
FE02182900FEF3ECFF0215FA01FDE5A8
00FBCFDBFE08604900FBCFDBFF083DC3
01F77D3000FDE7DCFE04304800FDE7DC
FF04279501FBC70400EF49CBFE216C6A
00EF49CBFF1F5E1801DC85440085FBC4
FEF408780085FBC4FF9AB5F500B2A505
00DECE2DFE4263A700DECE2DFF3AAA70
01B5E32200BF14BDFE81D68700BF14BD
FF6666660162B9580000000000000000
00000000E10000000055555500000000
0000000000000000E100000000555555
000000000000000000000000E1000000
00555555000000000000000000000000
E1000000005555550000000000000000
00000000E10000000055555500000000
0000000000000000E100000000555555
000000000000000000000000E1000000
00555555000000000000000000000000
E1000000005555550000000000000000
00000000E10000000055555500000000
0000000000000000E100000000555555
000000000000000000000000E1000000
00555555000000000000000000000000
E1000000005555550000000000000000
00000000E10000000055555500000000
0000000000000000E100000000555555
000000000000000000000000E1000000
00555555000000000000000000000000
E1000000005555550000000000000000
00000000E10000000055555500000000
0000000000000000E100000000555555
000000000000000000000000E1000000
00555555000000000000000000000000
E1000000005555550000000000000000
00000000000000000000000000000000
00000000000000000000000000000000
00000000000000000000000000000000
00000000000000000000000000000000
00000000000000000000000000000000
00000000000000000000000000000000
00000000000000000000000000000000
00000000000000000000000000000000
00000000000000000000000000000000
00000000000000000000000000000000
00000000000000000000000000000000
00000000000000000000000000000000
00000000000000000000000000000000
00000000000000000000000000000000
00000000000000000000000000000000
00000000000000000000000000000000
00000000000000000000000000000000
00000000000000000000000000000000
00000000000000000000000000000000
00000000000000000000000000000000
00000000000000000000000000000000
00000000000000000000000000000000
00000000000000000000000000000000
00000000000000000000000000000000
00000000000000000000000000000000
00000000000000000000000000000000
00000000000000000000000000000000
00000000000000000000000000000000
00000000000000000000000000000000
00000000000000000000000000000000
00000000000000000000000000000000
00000000000000000000000000000000
00000000000000000000000000000000
00000000000000000000000000000000
00000000000000000000000000000000
00000000000000000000000000000000
00000000000000000000000000000000
00000000000000000000000000000000
00000000000000000000000000000000
00000000000000000000000000000000
00000000000000000000000000000000
00000000000000000000000000000000
00000000000000000000000000000000
00000000000000000000000000000000
00000000000000000000000000000000
00000000000000000000000000000000
00000000000000000000000000000000
00000000000000000000000000000000
00000000000000000000000000000000
00000000000000000000000000000000
00000000000000000000000000000000
00000000000000000000000000000000
00000000000000000000000000000000
00000000000000000000000000000000
00000000000000000000000000000000
00000000000000000000000000000000
00000000000000000000000000000000
00000000000000000000000000000000
00000000000000000000000000000000
00000000000000000000000000000000
00000000000000000000000000000000
00000000000000000000000000000000
00000000000000000000000000000000
00000000000000000000000000000000
00000000000000000000000000000000
00000000000000000000000000000000
00000000000000000000000000000000
00000000000000000000000000000000
00000000000000000000000000000000
00000000000000000000000000000000
00000000000000000000000000000000
00000000000000000000000000000000
00000000000000000000000000000000
00000000000000000000000000000000
00000000000000000000000000000000
00000000000000000000000000000000
00000000000000000000000000000000
00000000000000000000000000000000
00000000000000000000000000000000
00000000000000000000000000000000
00000000000000000000000000000000
00000000000000000000000000000000
00000000000000000000000000000000
00000000000000000000000000000000
00000000000000000000000000000000
00000000000000000000000000000000
00000000000000000000000000000000
00000000000000000000000000000000
00000000000000000000000000000000
00000000000000000000000000000000
00000000000000000000000000000000
00000000000000000000000000000000
00000000000000000000000000000000
00000000000000000000000000000000
00000000000000000000000000000000
00000000000000000000000000000000
00000000000000000000000000000000
00000000000000000000000000000000
00000000000000000000000000000000
00000000000000000000000000000000
00000000000000000000000000000000
00000000000000000000000000000000
00000000000000000000000000000000
00000000000000000000000000000000
00000000000000000000000000000000
